-2.4   -2.1    -2.4   -2.1   0.814586
-2.4   -2.1    -2.1   -1.6   0.854611
-2.4   -2.1    -1.6   -1.2   0.86971
-2.4   -2.1    -1.2   -0.9   0.875898
-2.4   -2.1    -0.9   -0.6   0.875702
-2.4   -2.1    -0.6   -0.3   0.8851
-2.4   -2.1    -0.3   -0.2   0.846657
-2.4   -2.1    -0.2   0   0.883122
-2.4   -2.1    0   0.2   0.884678
-2.4   -2.1    0.2   0.3   0.854316
-2.4   -2.1    0.3   0.6   0.882569
-2.4   -2.1    0.6   0.9   0.876532
-2.4   -2.1    0.9   1.2   0.873346
-2.4   -2.1    1.2   1.6   0.867453
-2.4   -2.1    1.6   2.1   0.859233
-2.4   -2.1    2.1   2.4   0.812599
-2.1   -1.6    -2.4   -2.1   0.854611
-2.1   -1.6    -2.1   -1.6   0.896249
-2.1   -1.6    -1.6   -1.2   0.912003
-2.1   -1.6    -1.2   -0.9   0.918465
-2.1   -1.6    -0.9   -0.6   0.918238
-2.1   -1.6    -0.6   -0.3   0.928077
-2.1   -1.6    -0.3   -0.2   0.887775
-2.1   -1.6    -0.2   0   0.926008
-2.1   -1.6    0   0.2   0.927634
-2.1   -1.6    0.2   0.3   0.895801
-2.1   -1.6    0.3   0.6   0.925424
-2.1   -1.6    0.6   0.9   0.919108
-2.1   -1.6    0.9   1.2   0.915799
-2.1   -1.6    1.2   1.6   0.909644
-2.1   -1.6    1.6   2.1   0.901108
-2.1   -1.6    2.1   2.4   0.8525
-1.6   -1.2    -2.4   -2.1   0.86971
-1.6   -1.2    -2.1   -1.6   0.912003
-1.6   -1.2    -1.6   -1.2   0.928013
-1.6   -1.2    -1.2   -0.9   0.934583
-1.6   -1.2    -0.9   -0.6   0.934348
-1.6   -1.2    -0.6   -0.3   0.944355
-1.6   -1.2    -0.3   -0.2   0.903349
-1.6   -1.2    -0.2   0   0.942251
-1.6   -1.2    0   0.2   0.943905
-1.6   -1.2    0.2   0.3   0.911514
-1.6   -1.2    0.3   0.6   0.941656
-1.6   -1.2    0.6   0.9   0.935232
-1.6   -1.2    0.9   1.2   0.931873
-1.6   -1.2    1.2   1.6   0.925616
-1.6   -1.2    1.6   2.1   0.916949
-1.6   -1.2    2.1   2.4   0.867556
-1.2   -0.9    -2.4   -2.1   0.875898
-1.2   -0.9    -2.1   -1.6   0.918465
-1.2   -0.9    -1.6   -1.2   0.934583
-1.2   -0.9    -1.2   -0.9   0.941198
-1.2   -0.9    -0.9   -0.6   0.940959
-1.2   -0.9    -0.6   -0.3   0.951036
-1.2   -0.9    -0.3   -0.2   0.90974
-1.2   -0.9    -0.2   0   0.948918
-1.2   -0.9    0   0.2   0.950582
-1.2   -0.9    0.2   0.3   0.917963
-1.2   -0.9    0.3   0.6   0.948318
-1.2   -0.9    0.6   0.9   0.941849
-1.2   -0.9    0.9   1.2   0.938469
-1.2   -0.9    1.2   1.6   0.932169
-1.2   -0.9    1.6   2.1   0.923447
-1.2   -0.9    2.1   2.4   0.873727
-0.9   -0.6    -2.4   -2.1   0.875702
-0.9   -0.6    -2.1   -1.6   0.918238
-0.9   -0.6    -1.6   -1.2   0.934348
-0.9   -0.6    -1.2   -0.9   0.940959
-0.9   -0.6    -0.9   -0.6   0.940719
-0.9   -0.6    -0.6   -0.3   0.950792
-0.9   -0.6    -0.3   -0.2   0.909507
-0.9   -0.6    -0.2   0   0.948675
-0.9   -0.6    0   0.2   0.950339
-0.9   -0.6    0.2   0.3   0.917728
-0.9   -0.6    0.3   0.6   0.948075
-0.9   -0.6    0.6   0.9   0.941609
-0.9   -0.6    0.9   1.2   0.938231
-0.9   -0.6    1.2   1.6   0.931935
-0.9   -0.6    1.6   2.1   0.92322
-0.9   -0.6    2.1   2.4   0.873529
-0.6   -0.3    -2.4   -2.1   0.8851
-0.6   -0.3    -2.1   -1.6   0.928077
-0.6   -0.3    -1.6   -1.2   0.944355
-0.6   -0.3    -1.2   -0.9   0.951036
-0.6   -0.3    -0.9   -0.6   0.950792
-0.6   -0.3    -0.6   -0.3   0.960973
-0.6   -0.3    -0.3   -0.2   0.919246
-0.6   -0.3    -0.2   0   0.958833
-0.6   -0.3    0   0.2   0.960515
-0.6   -0.3    0.2   0.3   0.927555
-0.6   -0.3    0.3   0.6   0.958226
-0.6   -0.3    0.6   0.9   0.951692
-0.6   -0.3    0.9   1.2   0.94828
-0.6   -0.3    1.2   1.6   0.941917
-0.6   -0.3    1.6   2.1   0.933112
-0.6   -0.3    2.1   2.4   0.882904
-0.3   -0.2    -2.4   -2.1   0.846657
-0.3   -0.2    -2.1   -1.6   0.887775
-0.3   -0.2    -1.6   -1.2   0.903349
-0.3   -0.2    -1.2   -0.9   0.90974
-0.3   -0.2    -0.9   -0.6   0.909507
-0.3   -0.2    -0.6   -0.3   0.919246
-0.3   -0.2    -0.3   -0.2   0.879331
-0.3   -0.2    -0.2   0   0.917199
-0.3   -0.2    0   0.2   0.918808
-0.3   -0.2    0.2   0.3   0.887279
-0.3   -0.2    0.3   0.6   0.916619
-0.3   -0.2    0.6   0.9   0.910368
-0.3   -0.2    0.9   1.2   0.907103
-0.3   -0.2    1.2   1.6   0.901016
-0.3   -0.2    1.6   2.1   0.892592
-0.3   -0.2    2.1   2.4   0.844556
-0.2   0    -2.4   -2.1   0.883122
-0.2   0    -2.1   -1.6   0.926008
-0.2   0    -1.6   -1.2   0.942251
-0.2   0    -1.2   -0.9   0.948918
-0.2   0    -0.9   -0.6   0.948675
-0.2   0    -0.6   -0.3   0.958833
-0.2   0    -0.3   -0.2   0.917199
-0.2   0    -0.2   0   0.956698
-0.2   0    0   0.2   0.958376
-0.2   0    0.2   0.3   0.925489
-0.2   0    0.3   0.6   0.956093
-0.2   0    0.6   0.9   0.949573
-0.2   0    0.9   1.2   0.946167
-0.2   0    1.2   1.6   0.939818
-0.2   0    1.6   2.1   0.931032
-0.2   0    2.1   2.4   0.880931
0   0.2    -2.4   -2.1   0.884678
0   0.2    -2.1   -1.6   0.927634
0   0.2    -1.6   -1.2   0.943905
0   0.2    -1.2   -0.9   0.950582
0   0.2    -0.9   -0.6   0.950339
0   0.2    -0.6   -0.3   0.960515
0   0.2    -0.3   -0.2   0.918808
0   0.2    -0.2   0   0.958376
0   0.2    0   0.2   0.960057
0   0.2    0.2   0.3   0.927112
0   0.2    0.3   0.6   0.957769
0   0.2    0.6   0.9   0.951238
0   0.2    0.9   1.2   0.947827
0   0.2    1.2   1.6   0.941468
0   0.2    1.6   2.1   0.932667
0   0.2    2.1   2.4   0.882482
0.2   0.3    -2.4   -2.1   0.854316
0.2   0.3    -2.1   -1.6   0.895801
0.2   0.3    -1.6   -1.2   0.911514
0.2   0.3    -1.2   -0.9   0.917963
0.2   0.3    -0.9   -0.6   0.917728
0.2   0.3    -0.6   -0.3   0.927555
0.2   0.3    -0.3   -0.2   0.887279
0.2   0.3    -0.2   0   0.925489
0.2   0.3    0   0.2   0.927112
0.2   0.3    0.2   0.3   0.895298
0.2   0.3    0.3   0.6   0.924903
0.2   0.3    0.6   0.9   0.918596
0.2   0.3    0.9   1.2   0.915302
0.2   0.3    1.2   1.6   0.90916
0.2   0.3    1.6   2.1   0.900661
0.2   0.3    2.1   2.4   0.852196
0.3   0.6    -2.4   -2.1   0.882569
0.3   0.6    -2.1   -1.6   0.925424
0.3   0.6    -1.6   -1.2   0.941656
0.3   0.6    -1.2   -0.9   0.948318
0.3   0.6    -0.9   -0.6   0.948075
0.3   0.6    -0.6   -0.3   0.958226
0.3   0.6    -0.3   -0.2   0.916619
0.3   0.6    -0.2   0   0.956093
0.3   0.6    0   0.2   0.957769
0.3   0.6    0.2   0.3   0.924903
0.3   0.6    0.3   0.6   0.955488
0.3   0.6    0.6   0.9   0.948972
0.3   0.6    0.9   1.2   0.945569
0.3   0.6    1.2   1.6   0.939225
0.3   0.6    1.6   2.1   0.930445
0.3   0.6    2.1   2.4   0.880379
0.6   0.9    -2.4   -2.1   0.876532
0.6   0.9    -2.1   -1.6   0.919108
0.6   0.9    -1.6   -1.2   0.935232
0.6   0.9    -1.2   -0.9   0.941849
0.6   0.9    -0.9   -0.6   0.941609
0.6   0.9    -0.6   -0.3   0.951692
0.6   0.9    -0.3   -0.2   0.910368
0.6   0.9    -0.2   0   0.949573
0.6   0.9    0   0.2   0.951238
0.6   0.9    0.2   0.3   0.918596
0.6   0.9    0.3   0.6   0.948972
0.6   0.9    0.6   0.9   0.9425
0.6   0.9    0.9   1.2   0.939119
0.6   0.9    1.2   1.6   0.932817
0.6   0.9    1.6   2.1   0.924094
0.6   0.9    2.1   2.4   0.874358
0.9   1.2    -2.4   -2.1   0.873346
0.9   1.2    -2.1   -1.6   0.915799
0.9   1.2    -1.6   -1.2   0.931873
0.9   1.2    -1.2   -0.9   0.938469
0.9   1.2    -0.9   -0.6   0.938231
0.9   1.2    -0.6   -0.3   0.94828
0.9   1.2    -0.3   -0.2   0.907103
0.9   1.2    -0.2   0   0.946167
0.9   1.2    0   0.2   0.947827
0.9   1.2    0.2   0.3   0.915302
0.9   1.2    0.3   0.6   0.945569
0.9   1.2    0.6   0.9   0.939119
0.9   1.2    0.9   1.2   0.935747
0.9   1.2    1.2   1.6   0.929465
0.9   1.2    1.6   2.1   0.920766
0.9   1.2    2.1   2.4   0.871181
1.2   1.6    -2.4   -2.1   0.867453
1.2   1.6    -2.1   -1.6   0.909644
1.2   1.6    -1.6   -1.2   0.925616
1.2   1.6    -1.2   -0.9   0.932169
1.2   1.6    -0.9   -0.6   0.931935
1.2   1.6    -0.6   -0.3   0.941917
1.2   1.6    -0.3   -0.2   0.901016
1.2   1.6    -0.2   0   0.939818
1.2   1.6    0   0.2   0.941468
1.2   1.6    0.2   0.3   0.90916
1.2   1.6    0.3   0.6   0.939225
1.2   1.6    0.6   0.9   0.932817
1.2   1.6    0.9   1.2   0.929465
1.2   1.6    1.2   1.6   0.923224
1.2   1.6    1.6   2.1   0.914577
1.2   1.6    2.1   2.4   0.865305
1.6   2.1    -2.4   -2.1   0.859233
1.6   2.1    -2.1   -1.6   0.901108
1.6   2.1    -1.6   -1.2   0.916949
1.6   2.1    -1.2   -0.9   0.923447
1.6   2.1    -0.9   -0.6   0.92322
1.6   2.1    -0.6   -0.3   0.933112
1.6   2.1    -0.3   -0.2   0.892592
1.6   2.1    -0.2   0   0.931032
1.6   2.1    0   0.2   0.932667
1.6   2.1    0.2   0.3   0.900661
1.6   2.1    0.3   0.6   0.930445
1.6   2.1    0.6   0.9   0.924094
1.6   2.1    0.9   1.2   0.920766
1.6   2.1    1.2   1.6   0.914577
1.6   2.1    1.6   2.1   0.905992
1.6   2.1    2.1   2.4   0.857112
2.1   2.4    -2.4   -2.1   0.812599
2.1   2.4    -2.1   -1.6   0.8525
2.1   2.4    -1.6   -1.2   0.867556
2.1   2.4    -1.2   -0.9   0.873727
2.1   2.4    -0.9   -0.6   0.873529
2.1   2.4    -0.6   -0.3   0.882904
2.1   2.4    -0.3   -0.2   0.844556
2.1   2.4    -0.2   0   0.880931
2.1   2.4    0   0.2   0.882482
2.1   2.4    0.2   0.3   0.852196
2.1   2.4    0.3   0.6   0.880379
2.1   2.4    0.6   0.9   0.874358
2.1   2.4    0.9   1.2   0.871181
2.1   2.4    1.2   1.6   0.865305
2.1   2.4    1.6   2.1   0.857112
2.1   2.4    2.1   2.4   0.810614
