  0      0.9       0      0.9    0.93
  0      0.9     0.9      1.2    0.89
  0      0.9     1.2      2.1    0.86
  0      0.9     2.1      2.4    0.87
0.9      1.2       0      0.9    0.86
0.9      1.2     0.9      1.2    0.84
0.9      1.2     1.2      2.1    0.83
0.9      1.2     2.1      2.4    0.82
1.2      2.1       0      0.9    0.86
1.2      2.1     0.9      1.2    0.80
1.2      2.1     1.2      2.1    0.80
1.2      2.1     2.1      2.4    0.82
2.1      2.4       0      0.9    0.88
2.1      2.4     0.9      1.2    0.82
2.1      2.4     1.2      2.1    0.78
2.1      2.4     2.1      2.4    0.80
