-2.4   -2.1    -2.4   -2.1   0.683784
-2.4   -2.1    -2.1   -1.6   0.783309
-2.4   -2.1    -1.6   -1.2   0.797219
-2.4   -2.1    -1.2   -0.9   0.802663
-2.4   -2.1    -0.9   -0.6   0.802375
-2.4   -2.1    -0.6   -0.3   0.81108
-2.4   -2.1    -0.3   -0.2   0.775747
-2.4   -2.1    -0.2   0   0.809198
-2.4   -2.1    0   0.2   0.810635
-2.4   -2.1    0.2   0.3   0.783068
-2.4   -2.1    0.3   0.6   0.808557
-2.4   -2.1    0.6   0.9   0.803173
-2.4   -2.1    0.9   1.2   0.800397
-2.4   -2.1    1.2   1.6   0.794997
-2.4   -2.1    1.6   2.1   0.787449
-2.4   -2.1    2.1   2.4   0.742006
-2.1   -1.6    -2.4   -2.1   0.783309
-2.1   -1.6    -2.1   -1.6   0.897
-2.1   -1.6    -1.6   -1.2   0.912839
-2.1   -1.6    -1.2   -0.9   0.919061
-2.1   -1.6    -0.9   -0.6   0.918718
-2.1   -1.6    -0.6   -0.3   0.928674
-2.1   -1.6    -0.3   -0.2   0.888225
-2.1   -1.6    -0.2   0   0.926524
-2.1   -1.6    0   0.2   0.928164
-2.1   -1.6    0.2   0.3   0.896602
-2.1   -1.6    0.3   0.6   0.925783
-2.1   -1.6    0.6   0.9   0.919631
-2.1   -1.6    0.9   1.2   0.916467
-2.1   -1.6    1.2   1.6   0.910305
-2.1   -1.6    1.6   2.1   0.901755
-2.1   -1.6    2.1   2.4   0.849978
-1.6   -1.2    -2.4   -2.1   0.797219
-1.6   -1.2    -2.1   -1.6   0.912839
-1.6   -1.2    -1.6   -1.2   0.928934
-1.6   -1.2    -1.2   -0.9   0.935262
-1.6   -1.2    -0.9   -0.6   0.93491
-1.6   -1.2    -0.6   -0.3   0.945037
-1.6   -1.2    -0.3   -0.2   0.903878
-1.6   -1.2    -0.2   0   0.942851
-1.6   -1.2    0   0.2   0.944518
-1.6   -1.2    0.2   0.3   0.912401
-1.6   -1.2    0.3   0.6   0.942095
-1.6   -1.2    0.6   0.9   0.935838
-1.6   -1.2    0.9   1.2   0.932622
-1.6   -1.2    1.2   1.6   0.926358
-1.6   -1.2    1.6   2.1   0.917683
-1.6   -1.2    2.1   2.4   0.865065
-1.2   -0.9    -2.4   -2.1   0.802663
-1.2   -0.9    -2.1   -1.6   0.919061
-1.2   -0.9    -1.6   -1.2   0.935262
-1.2   -0.9    -1.2   -0.9   0.941632
-1.2   -0.9    -0.9   -0.6   0.941278
-1.2   -0.9    -0.6   -0.3   0.951473
-1.2   -0.9    -0.3   -0.2   0.910034
-1.2   -0.9    -0.2   0   0.949273
-1.2   -0.9    0   0.2   0.950951
-1.2   -0.9    0.2   0.3   0.918615
-1.2   -0.9    0.3   0.6   0.948511
-1.2   -0.9    0.6   0.9   0.942212
-1.2   -0.9    0.9   1.2   0.938975
-1.2   -0.9    1.2   1.6   0.932669
-1.2   -0.9    1.6   2.1   0.923938
-1.2   -0.9    2.1   2.4   0.87097
-0.9   -0.6    -2.4   -2.1   0.802375
-0.9   -0.6    -2.1   -1.6   0.918718
-0.9   -0.6    -1.6   -1.2   0.93491
-0.9   -0.6    -1.2   -0.9   0.941278
-0.9   -0.6    -0.9   -0.6   0.940922
-0.9   -0.6    -0.6   -0.3   0.951114
-0.9   -0.6    -0.3   -0.2   0.909691
-0.9   -0.6    -0.2   0   0.948914
-0.9   -0.6    0   0.2   0.950591
-0.9   -0.6    0.2   0.3   0.918268
-0.9   -0.6    0.3   0.6   0.948152
-0.9   -0.6    0.6   0.9   0.941856
-0.9   -0.6    0.9   1.2   0.938621
-0.9   -0.6    1.2   1.6   0.932318
-0.9   -0.6    1.6   2.1   0.923594
-0.9   -0.6    2.1   2.4   0.870657
-0.6   -0.3    -2.4   -2.1   0.81108
-0.6   -0.3    -2.1   -1.6   0.928674
-0.6   -0.3    -1.6   -1.2   0.945037
-0.6   -0.3    -1.2   -0.9   0.951473
-0.6   -0.3    -0.9   -0.6   0.951114
-0.6   -0.3    -0.6   -0.3   0.961415
-0.6   -0.3    -0.3   -0.2   0.919544
-0.6   -0.3    -0.2   0   0.959192
-0.6   -0.3    0   0.2   0.960887
-0.6   -0.3    0.2   0.3   0.928214
-0.6   -0.3    0.3   0.6   0.958422
-0.6   -0.3    0.6   0.9   0.952058
-0.6   -0.3    0.9   1.2   0.948788
-0.6   -0.3    1.2   1.6   0.942418
-0.6   -0.3    1.6   2.1   0.933603
-0.6   -0.3    2.1   2.4   0.880102
-0.3   -0.2    -2.4   -2.1   0.775747
-0.3   -0.2    -2.1   -1.6   0.888225
-0.3   -0.2    -1.6   -1.2   0.903878
-0.3   -0.2    -1.2   -0.9   0.910034
-0.3   -0.2    -0.9   -0.6   0.909691
-0.3   -0.2    -0.6   -0.3   0.919544
-0.3   -0.2    -0.3   -0.2   0.879496
-0.3   -0.2    -0.2   0   0.917417
-0.3   -0.2    0   0.2   0.919038
-0.3   -0.2    0.2   0.3   0.887788
-0.3   -0.2    0.3   0.6   0.916681
-0.3   -0.2    0.6   0.9   0.910594
-0.3   -0.2    0.9   1.2   0.907466
-0.3   -0.2    1.2   1.6   0.901373
-0.3   -0.2    1.6   2.1   0.89294
-0.3   -0.2    2.1   2.4   0.841763
-0.2   0    -2.4   -2.1   0.809198
-0.2   0    -2.1   -1.6   0.926524
-0.2   0    -1.6   -1.2   0.942851
-0.2   0    -1.2   -0.9   0.949273
-0.2   0    -0.9   -0.6   0.948914
-0.2   0    -0.6   -0.3   0.959192
-0.2   0    -0.3   -0.2   0.917417
-0.2   0    -0.2   0   0.956974
-0.2   0    0   0.2   0.958665
-0.2   0    0.2   0.3   0.926067
-0.2   0    0.3   0.6   0.956205
-0.2   0    0.6   0.9   0.949856
-0.2   0    0.9   1.2   0.946593
-0.2   0    1.2   1.6   0.940237
-0.2   0    1.6   2.1   0.931441
-0.2   0    2.1   2.4   0.87806
0   0.2    -2.4   -2.1   0.810635
0   0.2    -2.1   -1.6   0.928164
0   0.2    -1.6   -1.2   0.944518
0   0.2    -1.2   -0.9   0.950951
0   0.2    -0.9   -0.6   0.950591
0   0.2    -0.6   -0.3   0.960887
0   0.2    -0.3   -0.2   0.919038
0   0.2    -0.2   0   0.958665
0   0.2    0   0.2   0.960359
0   0.2    0.2   0.3   0.927704
0   0.2    0.3   0.6   0.957895
0   0.2    0.6   0.9   0.951535
0   0.2    0.9   1.2   0.948266
0   0.2    1.2   1.6   0.9419
0   0.2    1.6   2.1   0.93309
0   0.2    2.1   2.4   0.879619
0.2   0.3    -2.4   -2.1   0.783068
0.2   0.3    -2.1   -1.6   0.896602
0.2   0.3    -1.6   -1.2   0.912401
0.2   0.3    -1.2   -0.9   0.918615
0.2   0.3    -0.9   -0.6   0.918268
0.2   0.3    -0.6   -0.3   0.928214
0.2   0.3    -0.3   -0.2   0.887788
0.2   0.3    -0.2   0   0.926067
0.2   0.3    0   0.2   0.927704
0.2   0.3    0.2   0.3   0.896159
0.2   0.3    0.3   0.6   0.925324
0.2   0.3    0.6   0.9   0.919179
0.2   0.3    0.9   1.2   0.916022
0.2   0.3    1.2   1.6   0.909872
0.2   0.3    1.6   2.1   0.901361
0.2   0.3    2.1   2.4   0.849706
0.3   0.6    -2.4   -2.1   0.808557
0.3   0.6    -2.1   -1.6   0.925783
0.3   0.6    -1.6   -1.2   0.942095
0.3   0.6    -1.2   -0.9   0.948511
0.3   0.6    -0.9   -0.6   0.948152
0.3   0.6    -0.6   -0.3   0.958422
0.3   0.6    -0.3   -0.2   0.916681
0.3   0.6    -0.2   0   0.956205
0.3   0.6    0   0.2   0.957895
0.3   0.6    0.2   0.3   0.925324
0.3   0.6    0.3   0.6   0.955438
0.3   0.6    0.6   0.9   0.949094
0.3   0.6    0.9   1.2   0.945834
0.3   0.6    1.2   1.6   0.939484
0.3   0.6    1.6   2.1   0.930697
0.3   0.6    2.1   2.4   0.877364
0.6   0.9    -2.4   -2.1   0.803173
0.6   0.9    -2.1   -1.6   0.919631
0.6   0.9    -1.6   -1.2   0.935838
0.6   0.9    -1.2   -0.9   0.942212
0.6   0.9    -0.9   -0.6   0.941856
0.6   0.9    -0.6   -0.3   0.952058
0.6   0.9    -0.3   -0.2   0.910594
0.6   0.9    -0.2   0   0.949856
0.6   0.9    0   0.2   0.951535
0.6   0.9    0.2   0.3   0.919179
0.6   0.9    0.3   0.6   0.949094
0.6   0.9    0.6   0.9   0.942791
0.6   0.9    0.9   1.2   0.939553
0.6   0.9    1.2   1.6   0.933244
0.6   0.9    1.6   2.1   0.924512
0.6   0.9    2.1   2.4   0.871523
0.9   1.2    -2.4   -2.1   0.800397
0.9   1.2    -2.1   -1.6   0.916467
0.9   1.2    -1.6   -1.2   0.932622
0.9   1.2    -1.2   -0.9   0.938975
0.9   1.2    -0.9   -0.6   0.938621
0.9   1.2    -0.6   -0.3   0.948788
0.9   1.2    -0.3   -0.2   0.907466
0.9   1.2    -0.2   0   0.946593
0.9   1.2    0   0.2   0.948266
0.9   1.2    0.2   0.3   0.916022
0.9   1.2    0.3   0.6   0.945834
0.9   1.2    0.6   0.9   0.939553
0.9   1.2    0.9   1.2   0.936324
0.9   1.2    1.2   1.6   0.930036
0.9   1.2    1.6   2.1   0.92133
0.9   1.2    2.1   2.4   0.868512
1.2   1.6    -2.4   -2.1   0.794997
1.2   1.6    -2.1   -1.6   0.910305
1.2   1.6    -1.6   -1.2   0.926358
1.2   1.6    -1.2   -0.9   0.932669
1.2   1.6    -0.9   -0.6   0.932318
1.2   1.6    -0.6   -0.3   0.942418
1.2   1.6    -0.3   -0.2   0.901373
1.2   1.6    -0.2   0   0.940237
1.2   1.6    0   0.2   0.9419
1.2   1.6    0.2   0.3   0.909872
1.2   1.6    0.3   0.6   0.939484
1.2   1.6    0.6   0.9   0.933244
1.2   1.6    0.9   1.2   0.930036
1.2   1.6    1.2   1.6   0.923789
1.2   1.6    1.6   2.1   0.915135
1.2   1.6    2.1   2.4   0.862654
1.6   2.1    -2.4   -2.1   0.787449
1.6   2.1    -2.1   -1.6   0.901755
1.6   2.1    -1.6   -1.2   0.917683
1.6   2.1    -1.2   -0.9   0.923938
1.6   2.1    -0.9   -0.6   0.923594
1.6   2.1    -0.6   -0.3   0.933603
1.6   2.1    -0.3   -0.2   0.89294
1.6   2.1    -0.2   0   0.931441
1.6   2.1    0   0.2   0.93309
1.6   2.1    0.2   0.3   0.901361
1.6   2.1    0.3   0.6   0.930697
1.6   2.1    0.6   0.9   0.924512
1.6   2.1    0.9   1.2   0.92133
1.6   2.1    1.2   1.6   0.915135
1.6   2.1    1.6   2.1   0.906535
1.6   2.1    2.1   2.4   0.854471
2.1   2.4    -2.4   -2.1   0.742006
2.1   2.4    -2.1   -1.6   0.849978
2.1   2.4    -1.6   -1.2   0.865065
2.1   2.4    -1.2   -0.9   0.87097
2.1   2.4    -0.9   -0.6   0.870657
2.1   2.4    -0.6   -0.3   0.880102
2.1   2.4    -0.3   -0.2   0.841763
2.1   2.4    -0.2   0   0.87806
2.1   2.4    0   0.2   0.879619
2.1   2.4    0.2   0.3   0.849706
2.1   2.4    0.3   0.6   0.877364
2.1   2.4    0.6   0.9   0.871523
2.1   2.4    0.9   1.2   0.868512
2.1   2.4    1.2   1.6   0.862654
2.1   2.4    1.6   2.1   0.854471
2.1   2.4    2.1   2.4   0.805183
