0.   0.9  25   30   0.9837  0.  0.
0.   0.9  30   35   0.9841  0.  0.  
0.   0.9  35   40   0.9839  0.  0.
0.   0.9  40   50   0.9835  0.  0.
0.   0.9  50   60   0.9843  0.  0.
0.   0.9  60   90   0.9847  0.  0.
0.   0.9  90   140  0.9809  0.  0.
0.   0.9  140  500  0.9804  0.  0.
0.9  1.2  25   30   0.9685  0.  0. 
0.9  1.2  30   35   0.9654  0.  0.
0.9  1.2  35   40   0.9670  0.  0.
0.9  1.2  40   50   0.9667  0.  0.
0.9  1.2  50   60   0.9627  0.  0.
0.9  1.2  60   90   0.9595  0.  0.
0.9  1.2  90   140  0.9645  0.  0.
0.9  1.2  140  500  0.9713  0.  0.
1.2  2.1  25   30   1.0052  0.  0. 
1.2  2.1  30   35   1.0014  0.  0.
1.2  2.1  35   40   0.9962  0.  0.
1.2  2.1  40   50   0.9943  0.  0.
1.2  2.1  50   60   0.9905  0.  0.
1.2  2.1  60   90   0.9883  0.  0.
1.2  2.1  90   140  0.9819  0.  0.
1.2  2.1  140  500  0.9942  0.  0.
