  0      0.9       0      0.9    0.96
  0      0.9     0.9      1.2    0.93
  0      0.9     1.2      2.1    0.91
  0      0.9     2.1      2.4    0.90
0.9      1.2       0      0.9    0.93
0.9      1.2     0.9      1.2    0.89
0.9      1.2     1.2      2.1    0.88
0.9      1.2     2.1      2.4    0.87
1.2      2.1       0      0.9    0.91
1.2      2.1     0.9      1.2    0.88
1.2      2.1     1.2      2.1    0.87
1.2      2.1     2.1      2.4    0.86
2.1      2.4       0      0.9    0.90
2.1      2.4     0.9      1.2    0.87
2.1      2.4     1.2      2.1    0.86
2.1      2.4     2.1      2.4    0.84
