  0      0.9       0      0.9  0.9490     0.  0.     
  0      0.9     0.9      1.2  0.9628     0.  0.
  0      0.9     1.2      2.1  0.9477     0.  0.
  0      0.9     2.1      2.4  0.9420     0.  0.
0.9      1.2       0      0.9  0.9628     0.  0.
0.9      1.2     0.9      1.2  0.9576     0.  0.
0.9      1.2     1.2      2.1  0.9493     0.  0.
0.9      1.2     2.1      2.4  0.9142     0.  0.
1.2      2.1       0      0.9  0.9477     0.  0.
1.2      2.1     0.9      1.2  0.9493     0.  0.
1.2      2.1     1.2      2.1  0.9216     0.  0.
1.2      2.1     2.1      2.4  0.9470     0.  0.
2.1      2.4       0      0.9  0.9420     0.  0.
2.1      2.4     0.9      1.2  0.9142     0.  0.
2.1      2.4     1.2      2.1  0.9470     0.  0.
2.1      2.4     2.1      2.4  0.9252     0.  0.
