0.      0.8     20      30      1.005
0.      0.8     30      40      1.004
0.      0.8     40      50      1.008
0.      0.8     50      200     1.008
0.8     1.442   20      30      0.981
0.8     1.442   30      40      0.991
0.8     1.442   40      50      0.994
0.8     1.442   50      200     0.999
1.442   1.556   20      30      1.044
1.442   1.556   30      40      0.998
1.442   1.556   40      50      0.989
1.442   1.556   50      200     0.994
1.556   2.0     20      30      0.980
1.556   2.0     30      40      0.992
1.556   2.0     40      50      1.004
1.556   2.0     50      200     1.006
2.0     2.5     20      30      1.017
2.0     2.5     30      40      1.019
2.0     2.5     40      50      1.005
2.0     2.5     50      200     1.009

