0.00       0.80      10.00      15.00     0.977017    0.0587974    0.0587974
0.00       0.80      15.00      20.00     0.997009    0.0320964    0.0320964
0.00       0.80      20.00      30.00     0.982465    0.0120525    0.0120525
0.00       0.80      30.00      40.00     0.987814    0.00784593    0.00784593
0.00       0.80      40.00      50.00     0.989732    0.00410514    0.00410514
0.00       0.80      50.00     1000.00     0.989879    0.00461443    0.00461443
0.80       1.4442    10.00      15.00    0.977017    0.0587974    0.0587974
0.80       1.4442    15.00      20.00    0.997009    0.0320964    0.0320964
0.80       1.4442    20.00      30.00    0.993035    0.0121585    0.0121585
0.80       1.4442    30.00      40.00    0.993157    0.00789785    0.00789785
0.80       1.4442    40.00      50.00    0.992539    0.00413542    0.00413542
0.80       1.4442    50.00     1000.00    0.991053    0.00470451    0.00470451
1.4442     1.566     10.00      15.00   1.07648    0.178873    0.178873
1.4442     1.566     15.00      20.00   0.952283    0.0739433    0.0739433
1.4442     1.566     20.00      30.00   1.01586    0.0237863    0.0237863
1.4442     1.566     30.00      40.00   0.985387    0.0100358    0.0100358
1.4442     1.566     40.00      50.00   0.987332    0.00575711    0.00575711
1.4442     1.566     50.00     1000.00   0.974333    0.0108426    0.0108426
1.566      2.00      10.00      15.00    1.09625    0.070429    0.070429
1.566      2.00      15.00      20.00    1.00763    0.032826    0.032826
1.566      2.00      20.00      30.00    0.988158    0.0123546    0.0123546
1.566      2.00      30.00      40.00    0.992502    0.00805732    0.00805732
1.566      2.00      40.00      50.00    0.991673    0.00429945    0.00429945
1.566      2.00      50.00     1000.00    0.989659    0.00523968    0.00523968
2.00       2.70      10.00      15.00     1.09625    0.070429    0.070429
2.00       2.70      15.00      20.00     1.00763    0.032826    0.032826
2.00       2.70      20.00      30.00     1.00156    0.0127998    0.0127998
2.00       2.70      30.00      40.00     1.00426    0.00830137    0.00830137
2.00       2.70      40.00      50.00     1.00514    0.00465966    0.00465966
2.00       2.70      50.00     1000.00     0.997845    0.00616396    0.00616396
