0.00       0.80      10.00      15.00   0.863      0.020      0.008
0.00       0.80      15.00      20.00   0.956      0.009      0.009
0.00       0.80      20.00      30.00   0.986      0.001      0.002
0.00       0.80      30.00      40.00   1.002      0.001      0.001
0.00       0.80      40.00      50.00   1.005      0.001      0.001
0.00       0.80      50.00     200.00   1.004      0.001      0.001
0.80       1.4442    10.00      15.00   0.973      0.022      0.022
0.80       1.4442    15.00      20.00   0.962      0.011      0.011
0.80       1.4442    20.00      30.00   0.959      0.003      0.003
0.80       1.4442    30.00      40.00   0.980      0.001      0.001
0.80       1.4442    40.00      50.00   0.988      0.001      0.001
0.80       1.4442    50.00     200.00   0.988      0.002      0.002
1.4442     1.566     10.00      15.00   1.090      0.097      0.107
1.4442     1.566     15.00      20.00   0.867      0.037      0.040
1.4442     1.566     20.00      30.00   0.967      0.013      0.007
1.4442     1.566     30.00      40.00   0.950      0.007      0.006
1.4442     1.566     40.00      50.00   0.958      0.005      0.005
1.4442     1.566     50.00     200.00   0.966      0.009      0.009
1.566      2.00      10.00      15.00   0.944      0.045      0.042
1.566      2.00      15.00      20.00   0.911      0.012      0.012
1.566      2.00      20.00      30.00   0.941      0.005      0.005
1.566      2.00      30.00      40.00   0.967      0.003      0.003
1.566      2.00      40.00      50.00   0.992      0.002      0.002
1.566      2.00      50.00     200.00   1.000      0.003      0.003
2.00       2.50      10.00      15.00   1.024      0.039      0.040
2.00       2.50      15.00      20.00   0.934      0.018      0.018
2.00       2.50      20.00      30.00   1.020      0.003      0.003
2.00       2.50      30.00      40.00   1.021      0.003      0.003
2.00       2.50      40.00      50.00   1.019      0.002      0.002
2.00       2.50      50.00     200.00   1.022      0.004      0.004
