-8.0  -2.4   -8.0   -2.4   0.953708
-8.0  -2.4   -2.4   -1.6   0.953708
-8.0  -2.4   -1.6   -0.8   0.966158
-8.0  -2.4   -0.8   0.0   0.966209
-8.0  -2.4   0   0.8   0.97049
-8.0  -2.4   0.8   1.6   0.975647
-8.0  -2.4   1.6   2.4   1
-8.0  -2.4   2.4   8.0   1
-2.4   -1.6   -8.0   -2.4   0.953708
-2.4   -1.6   -2.4   -1.6   0.953708
-2.4   -1.6   -1.6   -0.8   0.966158
-2.4   -1.6   -0.8   0.0   0.966209
-2.4   -1.6   0   0.8   0.97049
-2.4   -1.6   0.8   1.6   0.975647
-2.4   -1.6   1.6   2.4   1
-2.4   -1.6   2.4   8.0   1
-1.6   -0.8   -8.0   -2.4   0.966995
-1.6   -0.8   -2.4   -1.6   0.966995
-1.6   -0.8   -1.6   -0.8   0.978296
-1.6   -0.8   -0.8   0.0   0.977225
-1.6   -0.8   0   0.8   0.977369
-1.6   -0.8   0.8   1.6   0.980289
-1.6   -0.8   1.6   2.4   0.983205
-1.6   -0.8   2.4   8.0   0.983205
-0.8   0.0   -8.0   -2.4   0.968495
-0.8   0.0   -2.4   -1.6   0.968495
-0.8   0.0   -1.6   -0.8   0.978135
-0.8   0.0   -0.8   0.0   0.975628
-0.8   0.0   0   0.8   0.976052
-0.8   0.0   0.8   1.6   0.97638
-0.8   0.0   1.6   2.4   0.973259
-0.8   0.0   2.4   8.0   0.973259
0   0.8   -8.0   -2.4   0.970471
0   0.8   -2.4   -1.6   0.970471
0   0.8   -1.6   -0.8   0.978118
0   0.8   -0.8   0.0   0.974545
0   0.8   0   0.8   0.975671
0   0.8   0.8   1.6   0.977842
0   0.8   1.6   2.4   0.971848
0   0.8   2.4   8.0   0.971848
0.8   1.6   -8.0   -2.4   0.977636
0.8   1.6   -2.4   -1.6   0.977636
0.8   1.6   -1.6   -0.8   0.977565
0.8   1.6   -0.8   0.0   0.977178
0.8   1.6   0   0.8   0.977131
0.8   1.6   0.8   1.6   0.979541
0.8   1.6   1.6   2.4   0.971431
0.8   1.6   2.4   8.0   0.971431
1.6   2.4   -8.0   -2.4   1
1.6   2.4   -2.4   -1.6   1
1.6   2.4   -1.6   -0.8   0.975173
1.6   2.4   -0.8   0.0   0.974227
1.6   2.4   0   0.8   0.970925
1.6   2.4   0.8   1.6   0.970952
1.6   2.4   1.6   2.4   0.959078
1.6   2.4   2.4   8.0   0.959078
2.4  8.0   -8.0   -2.4   1
2.4  8.0   -2.4   -1.6   1
2.4  8.0   -1.6   -0.8   0.975173
2.4  8.0   -0.8   0.0   0.974227
2.4  8.0   0   0.8   0.970925
2.4  8.0   0.8   1.6   0.970952
2.4  8.0   1.6   2.4   0.959078
2.4  8.0   2.4   8.0   0.959078
