-8.0   -2.4   -8.0   -2.4   0.903205
-8.0   -2.4   -2.4   -1.6   0.903205
-8.0   -2.4   -1.6   -0.8   0.922994
-8.0   -2.4   -0.8   0.0    0.923852
-8.0   -2.4   0   0.8   0.925539
-8.0   -2.4   0.8   1.6   0.936633
-8.0   -2.4   1.6   2.4   1
-8.0   -2.4   2.4   8.0   1
-2.4   -1.6   -8.0   -2.4   0.903205
-2.4   -1.6   -2.4   -1.6   0.903205
-2.4   -1.6   -1.6   -0.8   0.922994
-2.4   -1.6   -0.8   0.0    0.923852
-2.4   -1.6   0   0.8   0.925539
-2.4   -1.6   0.8   1.6   0.936633
-2.4   -1.6   1.6   2.4   1
-2.4   -1.6   2.4   8.0   1
-1.6   -0.8   -8.0   -2.4   0.924706
-1.6   -0.8   -2.4   -1.6   0.924706
-1.6   -0.8   -1.6   -0.8   0.942879
-1.6   -0.8   -0.8   0.0   0.941048
-1.6   -0.8   0   0.8   0.941134
-1.6   -0.8   0.8   1.6   0.944201
-1.6   -0.8   1.6   2.4   0.941736
-1.6   -0.8   2.4   8.0   0.941736
-0.8   0.0   -8.0   -2.4   0.923927
-0.8   0.0   -2.4   -1.6   0.923927
-0.8   0.0   -1.6   -0.8   0.940403
-0.8   0.0   -0.8   0.0   0.937752
-0.8   0.0   0   0.8   0.937837
-0.8   0.0   0.8   1.6   0.940086
-0.8   0.0   1.6   2.4   0.925903
-0.8   0.0   2.4   8.0   0.925903
0   0.8   -8.0   -2.4   0.927113
0   0.8   -2.4   -1.6   0.927113
0   0.8   -1.6   -0.8   0.941465
0   0.8   -0.8   0.0   0.937811
0   0.8   0   0.8   0.938105
0   0.8   0.8   1.6   0.940321
0   0.8   1.6   2.4   0.926524
0   0.8   2.4   8.0   0.926524
0.8   1.6   -8.0   -2.4   0.934995
0.8   1.6   -2.4   -1.6   0.934995
0.8   1.6   -1.6   -0.8   0.945615
0.8   1.6   -0.8   0.0   0.941652
0.8   1.6   0   0.8   0.940022
0.8   1.6   0.8   1.6   0.943323
0.8   1.6   1.6   2.4   0.92789
0.8   1.6   2.4   8.0   0.92789
1.6   2.4   -8.0   -2.4   1
1.6   2.4   -2.4   -1.6   1
1.6   2.4   -1.6   -0.8   0.937229
1.6   2.4   -0.8   0.0   0.928451
1.6   2.4   0   0.8   0.926057
1.6   2.4   0.8   1.6   0.926632
1.6   2.4   1.6   2.4   0.907979
1.6   2.4   2.4   8.0   0.907979
2.4   8.0  -8.0   -2.4   1
2.4   8.0  -2.4   -1.6   1
2.4   8.0  -1.6   -0.8   0.937229
2.4   8.0  -0.8   0.0   0.928451
2.4   8.0  0   0.8   0.926057
2.4   8.0  0.8   1.6   0.926632
2.4   8.0  1.6   2.4   0.907979
2.4   8.0  2.4   8.0   0.907979
