-2.4   -2.1   -2.4   -2.1   0.994748
-2.4   -2.1   -2.1   -1.6   0.987216
-2.4   -2.1   -1.6   -1.2   0.998064
-2.4   -2.1   -1.2   -0.9   0.991953
-2.4   -2.1   -0.9   -0.6   0.987595
-2.4   -2.1   -0.6   -0.3   0.993773
-2.4   -2.1   -0.3   -0.2   0.952428
-2.4   -2.1   -0.2   0.2   0.990828
-2.4   -2.1   0.2   0.3   0.958413
-2.4   -2.1   0.3   0.6   0.991667
-2.4   -2.1   0.6   0.9   0.990713
-2.4   -2.1   0.9   1.2   0.994263
-2.4   -2.1   1.2   1.6   0.994073
-2.4   -2.1   1.6   2.1   1.00183
-2.4   -2.1   2.1   2.4   1.00192
-2.1   -1.6   -2.4   -2.1   0.987216
-2.1   -1.6   -2.1   -1.6   0.980479
-2.1   -1.6   -1.6   -1.2   0.99103
-2.1   -1.6   -1.2   -0.9   0.985481
-2.1   -1.6   -0.9   -0.6   0.981221
-2.1   -1.6   -0.6   -0.3   0.987371
-2.1   -1.6   -0.3   -0.2   0.946264
-2.1   -1.6   -0.2   0.2   0.984395
-2.1   -1.6   0.2   0.3   0.952287
-2.1   -1.6   0.3   0.6   0.985319
-2.1   -1.6   0.6   0.9   0.984299
-2.1   -1.6   0.9   1.2   0.987663
-2.1   -1.6   1.2   1.6   0.987396
-2.1   -1.6   1.6   2.1   0.994729
-2.1   -1.6   2.1   2.4   0.993714
-1.6   -1.2   -2.4   -2.1   0.998064
-1.6   -1.2   -2.1   -1.6   0.99103
-1.6   -1.2   -1.6   -1.2   1.00176
-1.6   -1.2   -1.2   -0.9   0.995987
-1.6   -1.2   -0.9   -0.6   0.991691
-1.6   -1.2   -0.6   -0.3   0.997906
-1.6   -1.2   -0.3   -0.2   0.95636
-1.6   -1.2   -0.2   0.2   0.994915
-1.6   -1.2   0.2   0.3   0.962421
-1.6   -1.2   0.3   0.6   0.995819
-1.6   -1.2   0.6   0.9   0.99481
-1.6   -1.2   0.9   1.2   0.99823
-1.6   -1.2   1.2   1.6   0.997973
-1.6   -1.2   1.6   2.1   1.00553
-1.6   -1.2   2.1   2.4   1.00485
-1.2   -0.9   -2.4   -2.1   0.991953
-1.2   -0.9   -2.1   -1.6   0.985481
-1.2   -0.9   -1.6   -1.2   0.995987
-1.2   -0.9   -1.2   -0.9   0.990562
-1.2   -0.9   -0.9   -0.6   0.986535
-1.2   -0.9   -0.6   -0.3   0.99275
-1.2   -0.9   -0.3   -0.2   0.951335
-1.2   -0.9   -0.2   0.2   0.989743
-1.2   -0.9   0.2   0.3   0.957405
-1.2   -0.9   0.3   0.6   0.990694
-1.2   -0.9   0.6   0.9   0.989638
-1.2   -0.9   0.9   1.2   0.99274
-1.2   -0.9   1.2   1.6   0.992354
-1.2   -0.9   1.6   2.1   0.999846
-1.2   -0.9   2.1   2.4   0.99847
-0.9   -0.6   -2.4   -2.1   0.987595
-0.9   -0.6   -2.1   -1.6   0.981221
-0.9   -0.6   -1.6   -1.2   0.991691
-0.9   -0.6   -1.2   -0.9   0.986535
-0.9   -0.6   -0.9   -0.6   0.981744
-0.9   -0.6   -0.6   -0.3   0.987837
-0.9   -0.6   -0.3   -0.2   0.946878
-0.9   -0.6   -0.2   0.2   0.984824
-0.9   -0.6   0.2   0.3   0.952985
-0.9   -0.6   0.3   0.6   0.985826
-0.9   -0.6   0.6   0.9   0.984775
-0.9   -0.6   0.9   1.2   0.988589
-0.9   -0.6   1.2   1.6   0.988499
-0.9   -0.6   1.6   2.1   0.994979
-0.9   -0.6   2.1   2.4   0.993202
-0.6   -0.3   -2.4   -2.1   0.993773
-0.6   -0.3   -2.1   -1.6   0.987371
-0.6   -0.3   -1.6   -1.2   0.997906
-0.6   -0.3   -1.2   -0.9   0.99275
-0.6   -0.3   -0.9   -0.6   0.987837
-0.6   -0.3   -0.6   -0.3   0.993957
-0.6   -0.3   -0.3   -0.2   0.952774
-0.6   -0.3   -0.2   0.2   0.990923
-0.6   -0.3   0.2   0.3   0.958927
-0.6   -0.3   0.3   0.6   0.991938
-0.6   -0.3   0.6   0.9   0.99088
-0.6   -0.3   0.9   1.2   0.994803
-0.6   -0.3   1.2   1.6   0.994746
-0.6   -0.3   1.6   2.1   1.00115
-0.6   -0.3   2.1   2.4   0.999307
-0.3   -0.2   -2.4   -2.1   0.952428
-0.3   -0.2   -2.1   -1.6   0.946264
-0.3   -0.2   -1.6   -1.2   0.95636
-0.3   -0.2   -1.2   -0.9   0.951335
-0.3   -0.2   -0.9   -0.6   0.946878
-0.3   -0.2   -0.6   -0.3   0.952774
-0.3   -0.2   -0.3   -0.2   0.913217
-0.3   -0.2   -0.2   0.2   0.949873
-0.3   -0.2   0.2   0.3   0.919092
-0.3   -0.2   0.3   0.6   0.950827
-0.3   -0.2   0.6   0.9   0.949814
-0.3   -0.2   0.9   1.2   0.95334
-0.3   -0.2   1.2   1.6   0.953191
-0.3   -0.2   1.6   2.1   0.959647
-0.3   -0.2   2.1   2.4   0.958021
-0.2   0.2   -2.4   -2.1   0.990828
-0.2   0.2   -2.1   -1.6   0.984395
-0.2   0.2   -1.6   -1.2   0.994915
-0.2   0.2   -1.2   -0.9   0.989743
-0.2   0.2   -0.9   -0.6   0.984824
-0.2   0.2   -0.6   -0.3   0.990923
-0.2   0.2   -0.3   -0.2   0.949873
-0.2   0.2   -0.2   0.2   0.987902
-0.2   0.2   0.2   0.3   0.956003
-0.2   0.2   0.3   0.6   0.988908
-0.2   0.2   0.6   0.9   0.987858
-0.2   0.2   0.9   1.2   0.991795
-0.2   0.2   1.2   1.6   0.99175
-0.2   0.2   1.6   2.1   0.998141
-0.2   0.2   2.1   2.4   0.996372
0.2   0.3   -2.4   -2.1   0.958413
0.2   0.3   -2.1   -1.6   0.952287
0.2   0.3   -1.6   -1.2   0.962421
0.2   0.3   -1.2   -0.9   0.957405
0.2   0.3   -0.9   -0.6   0.952985
0.2   0.3   -0.6   -0.3   0.958927
0.2   0.3   -0.3   -0.2   0.919092
0.2   0.3   -0.2   0.2   0.956003
0.2   0.3   0.2   0.3   0.925009
0.2   0.3   0.3   0.6   0.956969
0.2   0.3   0.6   0.9   0.955941
0.2   0.3   0.9   1.2   0.959418
0.2   0.3   1.2   1.6   0.959238
0.2   0.3   1.6   2.1   0.965766
0.2   0.3   2.1   2.4   0.964037
0.3   0.6   -2.4   -2.1   0.991667
0.3   0.6   -2.1   -1.6   0.985319
0.3   0.6   -1.6   -1.2   0.995819
0.3   0.6   -1.2   -0.9   0.990694
0.3   0.6   -0.9   -0.6   0.985826
0.3   0.6   -0.6   -0.3   0.991938
0.3   0.6   -0.3   -0.2   0.950827
0.3   0.6   -0.2   0.2   0.988908
0.3   0.6   0.2   0.3   0.956969
0.3   0.6   0.3   0.6   0.989924
0.3   0.6   0.6   0.9   0.988864
0.3   0.6   0.9   1.2   0.992741
0.3   0.6   1.2   1.6   0.992668
0.3   0.6   1.6   2.1   0.999075
0.3   0.6   2.1   2.4   0.997189
0.6   0.9   -2.4   -2.1   0.990713
0.6   0.9   -2.1   -1.6   0.984299
0.6   0.9   -1.6   -1.2   0.99481
0.6   0.9   -1.2   -0.9   0.989638
0.6   0.9   -0.9   -0.6   0.984775
0.6   0.9   -0.6   -0.3   0.99088
0.6   0.9   -0.3   -0.2   0.949814
0.6   0.9   -0.2   0.2   0.987858
0.6   0.9   0.2   0.3   0.955941
0.6   0.9   0.3   0.6   0.988864
0.6   0.9   0.6   0.9   0.987812
0.6   0.9   0.9   1.2   0.991694
0.6   0.9   1.2   1.6   0.991626
0.6   0.9   1.6   2.1   0.998072
0.6   0.9   2.1   2.4   0.996297
0.9   1.2   -2.4   -2.1   0.994263
0.9   1.2   -2.1   -1.6   0.987663
0.9   1.2   -1.6   -1.2   0.99823
0.9   1.2   -1.2   -0.9   0.99274
0.9   1.2   -0.9   -0.6   0.988589
0.9   1.2   -0.6   -0.3   0.994803
0.9   1.2   -0.3   -0.2   0.95334
0.9   1.2   -0.2   0.2   0.991795
0.9   1.2   0.2   0.3   0.959418
0.9   1.2   0.3   0.6   0.992741
0.9   1.2   0.6   0.9   0.991694
0.9   1.2   0.9   1.2   0.994926
0.9   1.2   1.2   1.6   0.994591
0.9   1.2   1.6   2.1   1.00203
0.9   1.2   2.1   2.4   1.00078
1.2   1.6   -2.4   -2.1   0.994073
1.2   1.6   -2.1   -1.6   0.987396
1.2   1.6   -1.6   -1.2   0.997973
1.2   1.6   -1.2   -0.9   0.992354
1.2   1.6   -0.9   -0.6   0.988499
1.2   1.6   -0.6   -0.3   0.994746
1.2   1.6   -0.3   -0.2   0.953191
1.2   1.6   -0.2   0.2   0.99175
1.2   1.6   0.2   0.3   0.959238
1.2   1.6   0.3   0.6   0.992668
1.2   1.6   0.6   0.9   0.991626
1.2   1.6   0.9   1.2   0.994591
1.2   1.6   1.2   1.6   0.994148
1.2   1.6   1.6   2.1   1.00199
1.2   1.6   2.1   2.4   1.00097
1.6   2.1   -2.4   -2.1   1.00183
1.6   2.1   -2.1   -1.6   0.994729
1.6   2.1   -1.6   -1.2   1.00553
1.6   2.1   -1.2   -0.9   0.999846
1.6   2.1   -0.9   -0.6   0.994979
1.6   2.1   -0.6   -0.3   1.00115
1.6   2.1   -0.3   -0.2   0.959647
1.6   2.1   -0.2   0.2   0.998141
1.6   2.1   0.2   0.3   0.965766
1.6   2.1   0.3   0.6   0.999075
1.6   2.1   0.6   0.9   0.998072
1.6   2.1   0.9   1.2   1.00203
1.6   2.1   1.2   1.6   1.00199
1.6   2.1   1.6   2.1   1.00894
1.6   2.1   2.1   2.4   1.00811
2.1   2.4   -2.4   -2.1   1.00192
2.1   2.4   -2.1   -1.6   0.993714
2.1   2.4   -1.6   -1.2   1.00485
2.1   2.4   -1.2   -0.9   0.99847
2.1   2.4   -0.9   -0.6   0.993202
2.1   2.4   -0.6   -0.3   0.999307
2.1   2.4   -0.3   -0.2   0.958021
2.1   2.4   -0.2   0.2   0.996372
2.1   2.4   0.2   0.3   0.964037
2.1   2.4   0.3   0.6   0.997189
2.1   2.4   0.6   0.9   0.996297
2.1   2.4   0.9   1.2   1.00078
2.1   2.4   1.2   1.6   1.00097
2.1   2.4   1.6   2.1   1.00811
2.1   2.4   2.1   2.4   1.00881
