 0      0.9    10      20    0.958891 0.  0. 
 0      0.9    20      25    0.987445 0.  0.
 0      0.9    25      30    1.00085  0.  0.
 0      0.9    30      35    0.999167 0.  0.
 0      0.9    35      40    0.998584 0.  0.
 0      0.9    40      50    0.99839  0.  0.
 0      0.9    50      60    0.99882  0.  0.
 0      0.9    60      90    1.000879 0.  0.
 0      0.9    90      140   1.000783 0.  0.
 0      0.9    140     300   1.001326 0.  0.
 0      0.9    300     500   1.010996 0.  0.
 0.9    1.2    10      20    0.966043 0.  0.
 0.9    1.2    20      25    0.992279 0.  0.
 0.9    1.2    25      30    1.003619 0.  0.
 0.9    1.2    30      35    1.002070 0.  0.
 0.9    1.2    35      40    1.001419 0.  0.
 0.9    1.2    40      50    0.999835 0.  0.
 0.9    1.2    50      60    1.000145 0.  0.
 0.9    1.2    60      90    1.000320 0.  0.
 0.9    1.2    90      140   0.999194 0.  0.
 0.9    1.2    140     300   0.999715 0.  0.
 0.9    1.2    300     500   1.0000   0.  0.
 1.2    2.1    10      20    0.983887 0.  0.
 1.2    2.1    20      25    0.999508 0.  0.
 1.2    2.1    25      30    1.005638 0.  0.
 1.2    2.1    30      35    1.004848 0.  0.
 1.2    2.1    35      40    1.002408 0.  0.
 1.2    2.1    40      50    1.000268 0.  0.
 1.2    2.1    50      60    1.000349 0.  0.
 1.2    2.1    60      90    1.000559 0.  0.
 1.2    2.1    90      140   1.00012  0.  0.
 1.2    2.1    140     300   1.001746 0.  0.
 1.2    2.1    300     500   1.0000   0.  0.
 2.1    2.4    20      500   1.0279   0.  0.
