0      0.9    20      25    1.0027892589569092    0.0027139663885439994    0.0027139663885439994
0      0.9    25      30    1.0010522603988647    0.0014935369038315929    0.0014935369038315929
0      0.9    30      40    1.0010156631469727    0.00047737245008214093   0.00047737245008214093
0      0.9    40      50    0.9995421171188354    0.0002189874167031605    0.0002189874167031605
0      0.9    50      60    1.0010881423950195    0.0003990635945614013    0.0003990635945614013
0      0.9    60      120   0.9997919201850891    0.0005304675774420015    0.0005304675774420015
0      0.9    120     300   1.                    0.                       0.
0.9    1.2    20      25    1.0088433027267456    0.0042522537758218825    0.0042522537758218825
0.9    1.2    25      30    0.9989631175994873    0.002671805875770497     0.002671805875770497
0.9    1.2    30      40    1.0022121667861938    0.0008674394744098296    0.0008674394744098296
0.9    1.2    40      50    1.0001529455184937    0.0003642601958257924    0.0003642601958257924
0.9    1.2    50      60    0.9986236691474915    0.0006074756704727985    0.0006074756704727985
0.9    1.2    60      120   1.0007113218307495    0.0008983639579957489    0.0008983639579957489
0.9    1.2    120     300   1.                    0.                       0.
1.2    2.1    20      25    0.9982452988624573    0.0019618871422695276    0.0019618871422695276
1.2    2.1    25      30    1.0028959512710571    0.001361356230383972     0.001361356230383972
1.2    2.1    30      40    1.002073049545288     0.0005084168201508569    0.0005084168201508569
1.2    2.1    40      50    1.000279426574707     0.003093588244819034     0.003093588244819034
1.2    2.1    50      60    1.000565528869629     0.0007480239505370149    0.0007480239505370149
1.2    2.1    60      120   0.9997470378875732    0.000562684447824031     0.000562684447824031
1.2    2.1    120     300   1.                    0.                       0.
2.1    2.4    20      25    1.0010390281677246    0.003844069892274639     0.003844069892274639
2.1    2.4    25      30    1.0000816583633423    0.002358367752168993     0.002358367752168993
2.1    2.4    30      40    0.9991493821144104    0.0010179622289245708    0.0010179622289245708
2.1    2.4    40      50    1.0006216764450073    0.0035702910925469377    0.0035702910925469377
2.1    2.4    50      60    1.0013179779052734    0.0008945461644542332    0.0008945461644542332
2.1    2.4    60      120   1.0024350881576538    0.0014902552015850304    0.0014902552015850304
2.1    2.4    120     300   1.                    0.                       0.
