 0      0.9    10      20    0.984868   0.  0.
 0      0.9    20      25    0.988681   0.  0.
 0      0.9    25      30    0.993889   0.  0.
 0      0.9    30      35    0.994164   0.  0.
 0      0.9    35      40    0.994084   0.  0.
 0      0.9    40      50    0.99247    0.  0.
 0      0.9    50      60    0.990978   0.  0.
 0      0.9    60      90    0.990444   0.  0.
 0      0.9    90      140   1.00385    0.  0.
 0      0.9    140     300   1.02798    0.  0.
 0      0.9    300     500   1          0.  0.
 0.9    1.2    10      20    0.986855   0.  0.
 0.9    1.2    20      25    0.987375   0.  0.   
 0.9    1.2    25      30    0.994212   0.  0.
 0.9    1.2    30      35    0.990593   0.  0.
 0.9    1.2    35      40    0.990353   0.  0.
 0.9    1.2    40      50    0.989641   0.  0.
 0.9    1.2    50      60    0.991311   0.  0.  
 0.9    1.2    60      90    0.98631    0.  0.
 0.9    1.2    90      140   1.01191    0.  0.
 0.9    1.2    140     300   0.955563   0.  0.  
 0.9    1.2    300     500   1          0.  0.  
 1.2    2.1    10      20    1.01235    0.  0.   
 1.2    2.1    20      25    1.00155    0.  0.
 1.2    2.1    25      30    0.999149   0.  0.
 1.2    2.1    30      35    0.997573   0.  0.
 1.2    2.1    35      40    0.996585   0.  0.
 1.2    2.1    40      50    0.997431   0.  0.
 1.2    2.1    50      60    0.997521   0.  0.
 1.2    2.1    60      90    0.993942   0.  0.
 1.2    2.1    90      140   1.01922    0.  0.
 1.2    2.1    140     300   1.01648    0.  0.
 1.2    2.1    300     500   0.608799   0.  0.
 2.1    2.4     20     500   0.994      0.  0.
