0      0.9    20      25    0.9752116203308105   0.0030660638813280626   0.0030660638813280626
0      0.9    25      30    0.9848297238349915   0.0016307213764927449   0.0016307213764927449
0      0.9    30      40    0.9861794114112854   0.0006187187412138267   0.0006187187412138267
0      0.9    40      50    0.987443208694458    0.000494159746725046    0.000494159746725046
0      0.9    50      60    0.9834294319152832   0.0011818999573518245   0.0011818999573518245
0      0.9    60      120   0.9863178730010986   0.002073330940717176    0.002073330940717176
0      0.9    120     300   1.                   0.                      0.
0.9    1.2    20      25    0.9738101959228516   0.004502934246978295    0.004502934246978295
0.9    1.2    25      30    0.978645384311676    0.0027064755458685794   0.0027064755458685794
0.9    1.2    30      40    0.9798933267593384   0.001057081371390319    0.001057081371390319
0.9    1.2    40      50    0.980233907699585    0.000819615406448897    0.000819615406448897
0.9    1.2    50      60    0.9773300886154175   0.001955436343316424    0.001955436343316424
0.9    1.2    60      120   0.9795225858688354   0.0035622593553725837   0.0035622593553725837
0.9    1.2    120     300   1.                   0.                      0.
1.2    2.1    20      25    0.9983288645744324   0.002331323348626783    0.002331323348626783
1.2    2.1    25      30    0.9905462265014648   0.001402578599690647    0.001402578599690647
1.2    2.1    30      40    0.9923668503761292   0.0005653311393042486   0.0005653311393042486
1.2    2.1    40      50    0.9927627444267273   0.0004155573807947332   0.0004155573807947332
1.2    2.1    50      60    0.9886322021484375   0.0011254961157344963   0.0011254961157344963
1.2    2.1    60      120   0.9950451850891113   0.002673833447209764    0.002673833447209764
1.2    2.1    120     300   1.                   0.                      0.
2.1    2.4    20      25    0.9877836108207703   0.004915740433340289    0.004915740433340289
2.1    2.4    25      30    0.9802553653717041   0.003173276637083633    0.003173276637083633
2.1    2.4    30      40    0.9785045385360718   0.0015542030446523895   0.0015542030446523895
2.1    2.4    40      50    0.9778544902801514   0.001456799997296391    0.001456799997296391
2.1    2.4    50      60    0.9654409885406494   0.003709169009223743    0.003709169009223743
2.1    2.4    60      120   0.9689615368843079   0.011084748199568817    0.011084748199568817
2.1    2.4    120     300   1.                   0.                      0.
