0  1  2  3  4  5  6  7  8  9  10  11  12  13  14  15  16  17  18  19  20  21  22  23  24  25  26  27  28  29  30  31  32  33  34  35  36  37  38  39  40  41  42  43  44  45  46  47  48  49  50  51  52  53  54  55  56  57  58  59  60  61  62  63  64  65  66  67  68  69  70  71  72  73  74  75  76  77  78  79  80  81  82  83  84  85  86  87  88  89  90  91  92  93  94  95  96  97  98  99  100  101  102  103  104  105  106  107  108  109  110  111  112  113  114  115  116  117  118  119   0	0.9	10      20	 9.470497e-01 
 0	0.9	 9.749778e-01 
 0	0.9	 9.971288e-01 
 0	0.9	 9.938633e-01 
 0	0.9	 9.934418e-01 
 0	0.9	 9.941007e-01 
 0	0.9	 9.955438e-01 
 0	0.9	 9.990359e-01 
 0	0.9	 1.001041e+00 
 0	0.9	 1.000300e+00 
 0	0.9	 1.019773e+00 
120  121  122  10      20	 9.518356e-01 
 9.883679e-01 
 1.000834e+00 
 9.985456e-01 
 9.991404e-01 
 9.981763e-01 
 9.986956e-01 
 9.991323e-01 
 9.995594e-01 
 9.967674e-01 
 1.007844e+00 
123  124  125  10      20	 9.800449e-01 
 9.973424e-01 
 1.007837e+00 
 1.006848e+00 
 1.003699e+00 
 1.002093e+00 
 1.001247e+00 
 1.000654e+00 
 9.998780e-01 
 9.998900e-01 
 1.013923e+00 
126  127  128  129  130  131  132  133  134  135  136  137  138  139  140  141  142  143  144  145  146  147  148  149  